PPH1	PPH2	PPH3	PPH4
NPTX1	0.820040660319485	0.00105451783921763	0.16829865912747	0.0054681573711107
NOS1	0.816566111008917	0.00105670147509444	0.168643204120462	0.00861772313469453
NOS3	0.810278986051375	0.00108167108765127	0.172626089176706	0.0109363859075725
NOTCH1	0.813138153005062	0.0010904429980719	0.174032154923376	0.00664451842576497
NOTCH3	0.797381943977916	0.00120101067189489	0.191681075642586	0.00473995985009797
NPDC1	0.81740636746058	0.00101159961089798	0.161439890031988	0.0150206637188141
NPPB	0.789371144289251	0.00125234391673201	0.199873366521124	0.00455730567406298
NPPC	0.801673843292752	0.00114818403262346	0.183244565594181	0.00891047858835322
NPTN	0.382327432078858	0.000482739140122062	0.0765082107771596	0.538286124071885
NMNAT1	0.827674395273935	0.00100824982086192	0.160913995974935	0.00521751105859933
NPTXR	0.813392246234807	0.00109647909996511	0.174996561902715	0.00541838415749886
NPY	0.83328995147829	0.000977212494019264	0.15596204657025	0.00454979104673651
NRCAM	0.816529042150201	0.00106345802545436	0.169724131478414	0.0075673860709609
NRP1	0.821514466633964	0.0010486349157473	0.167361247624971	0.00492844143241105
NRP2	0.826869124207341	0.00102042854497873	0.16285930600092	0.00407035182559962
NRTN	0.80347946452421	0.00116235721317598	0.185510064724588	0.00481385343777387
NSFL1C	0.832113357488447	0.000988349225110606	0.15773979094173	0.00394486525243372
NT5C3A	0.822773987070942	0.00102701053744096	0.163906700335589	0.00713716953326068
NOMO1	0.799110567584335	0.00119090500402289	0.190067292793811	0.00462436780702051
NCLN	0.748591630142808	0.0011464810969965	0.182918360831953	0.0626531716199545
NELL2	0.389290743654523	0.00376877182809174	0.601506777456153	0.00299459791324275
NCR1	0.818827027561403	0.00106795650716499	0.170444401903927	0.00453021138153696
NCS1	0.788739285423717	0.00113941690141449	0.181831650017624	0.0233477825257235
NDRG1	0.611727783040851	0.00237448144405258	0.378969235599701	0.00309567057724091
NDUFS6	0.802532884566691	0.00117339784581853	0.187273537503626	0.00399186536227471
NECTIN2	0.810099113972669	0.00111193578458275	0.177462562894689	0.00625068883125404
NECTIN4	0.826244104898767	0.00100859507895681	0.160968862240308	0.00660158835164082
NEFL	0.688792180743201	0.00101271819521289	0.161487305986716	0.144392104635457
NELL1	0.816983843888556	0.00103513772342641	0.165200104888954	0.0116620844245277
NME3	0.81589728818622	0.0010719645212023	0.171082623331287	0.00683610274868038
NFASC	0.813144645956532	0.00110558279448839	0.176450826697333	0.00420416926762846
NFATC1	0.829598310937548	0.00100026531680408	0.159640660446282	0.00456287262616717
NFATC3	0.819343901561938	0.00105902616105783	0.169017559685159	0.00544585268622323
NFKBIE	0.823716517759491	0.00104006698278071	0.165993467342802	0.00408890595350837
NGF	0.807492110242827	0.00112889348870969	0.180168095544251	0.00615150627489282
NID1	0.761631913290091	0.00143039152640643	0.228291418412881	0.00387424742951728
NID2	0.819798359022028	0.00106547829282186	0.170049497516536	0.00395017797666928
NINJ1	0.824570681061384	0.00101539199546629	0.162052164915742	0.00719536825799809
NT5E	0.826522195415026	0.000982820214139448	0.156851235968222	0.0104651565904378
NTF3	0.822690647784532	0.00104545810086632	0.16685386630232	0.0042554174560795
NTF4	0.823744619796861	0.00103832073360215	0.165714508735551	0.00434133269767885
NTproBNP	0.817239662209534	0.00107794530003409	0.172039397066084	0.00452256074237176
NTRK2	0.778566541013141	0.000962370119361804	0.153535650718976	0.0620573108338841
NTRK3	0.819753769385514	0.00106604168495403	0.170139799712066	0.00390419158268336
NUB1	0.832541660331427	0.000984129663042612	0.157065734397044	0.00419214322902908
NUCB2	0.820602440415344	0.00104115918853856	0.166165433708631	0.00704945495997297
NUDC	0.831335666973115	0.000989964074344483	0.157997394836528	0.00446822259821174
NUDT2	0.814007016036348	0.00108237075586738	0.172742727760528	0.00706769191637026
NCK2	0.83143762650669	0.00099167652889484	0.158271111927542	0.00409019551541384
NCAM1	0.828727200104965	0.00099637254234373	0.159018735808032	0.00606528745680754
NCAM2	0.829269269719231	0.00100388724931479	0.160219025259118	0.00431199012068285
NCAN	0.818269440962827	0.00106160140994488	0.16942890848653	0.00611315162067947
NCF2	0.829307070699066	0.000974240101352907	0.155482392081997	0.00904022815991319
MMP1	0.824128789516827	0.00103332658231564	0.164916363954959	0.00475787458615155
MIA	0.807278416912012	0.00114286342995923	0.182401064137834	0.00411963599796358
MICB_MICA	0.829388153433057	0.00100400808714473	0.160238407379764	0.00417285717943421
MIF	0.818302801503867	0.00107348333381299	0.171326905926122	0.00416969253390134
MILR1	0.761107569072986	0.00139457002218029	0.222566413100682	0.0101626719534169
MITD1	0.830461018903797	0.000996528478870978	0.159044162769293	0.00429498220438457
MLN	0.834255922272565	0.000974210773770415	0.155482783255409	0.0040600105228766
MME	0.822956836196871	0.0010297035511327	0.164337423257578	0.00651976800719492
MGLL	0.8300021908326	0.000997076926715071	0.159132457493886	0.00466787897703063
MMP10	0.832399246756751	0.000983822449979615	0.15701708132215	0.00438442836680629
MMP12	0.824265545254385	0.00101403798932228	0.161836150810949	0.00771980359651608
MMP13	0.790959477578917	0.00114756186544529	0.183133531412112	0.0198036092919461
MMP3	0.828509917659402	0.000986879322425856	0.157501011317431	0.00781112180700025
MMP7	0.820684344620804	0.00103997312285501	0.165975736926496	0.00715791149806573
MMP8	0.819673381583956	0.00106490199771694	0.169957637746509	0.0041683847097867
MGMT	0.829565662066485	0.000997344805517264	0.159174036041344	0.00506527097662849
METAP2	0.831484193805605	0.000990386123724669	0.158064903774862	0.00425083190361913
MFAP3	0.777476695359186	0.001325339134468	0.211523380820831	0.00480327027923941
MFAP5	0.818904786007454	0.00106790647364835	0.170437426451389	0.00445901948461267
MFGE8	0.823908028248976	0.00103605724911411	0.165353222727456	0.00454045524657187
MMP9	0.815995033377809	0.0010890867707831	0.173817443956603	0.00398577862791737
NBN	0.833145020483989	0.000980190894575445	0.156436497938747	0.00421815884418532
MYOC	0.816726336629601	0.0010822076671507	0.172719149635513	0.00435506678413144
MZB1	0.239866717746353	0.000712236028173576	0.113030588289068	0.644887568090988
MZT1	0.82267886993063	0.00104710903464259	0.167117485134176	0.00400199537970208
NAAA	0.803927798054523	0.00116378862122409	0.185739466295085	0.00413188501018872
NADK	0.78000578362337	0.00128462717644324	0.205022285079961	0.00880015919653477
NAMPT	0.827864201852317	0.00101230932809985	0.161562984603637	0.00437347470761793
NBL1	0.818934129269328	0.0010598236545965	0.169146002888472	0.00572899555990811
MVK	0.835786279620018	0.000951481705177407	0.151852490521054	0.00617306731048696
MYO9B	0.833316943143446	0.000975821937797073	0.155738673217296	0.00474735266880021
MSMB	9.31437036682855e-13	0.00120596594091985	0.191668970739801	0.807125063318344
MOG	0.80759360524792	0.00107458896375037	0.17149344957445	0.0147783588840015
MPHOSPH8	0.828144772908787	0.0010089541409058	0.161027540382711	0.00462995509447981
MPI	0.833889516351599	0.000969204712041602	0.154682903381791	0.00523360742237148
MPIG6B	0.824246817235403	0.00103397931928676	0.165022349718679	0.00453251836831591
MPO	0.827840249021152	0.00100846531954454	0.160948995213618	0.00501541639394129
MRPL46	0.766027637925631	0.00102071265439788	0.162842619448871	0.0653094225544081
MSLN	2.76936007283086e-06	0.00622572638249676	0.993645492467725	0.00012599443816808
MNDA	0.828201459706645	0.00100954254086757	0.161122020322225	0.00447785822625604
MSR1	0.823551217591902	0.0010396800451491	0.165931983725058	0.00431712795057977
MSRA	0.831556822719015	0.000990964617333713	0.158157493081911	0.00408458320865896
MSTN	0.833389905376354	0.000978817877658398	0.15621813894862	0.00419149671624308
MTPN	0.81437219551842	0.00102125043154397	0.162978170076096	0.0165258991897927
MUC13	0.817630765135475	0.00101357066296515	0.161753572559878	0.0144791607052909
MUC16	0.822414131613727	0.00104775162407916	0.167220307601334	0.00416494051091883
NPM1	0.83331224372341	0.000931640413121387	0.148637019210218	0.0118964055909894
PKLR	0.798672500443416	0.00119846902226346	0.191276191888438	0.00384873969456548
PLA2G10	0.799054608098029	0.00106637348318905	0.170171195244776	0.0247012944443353
PDCD1	0.831026980927558	0.000993662743440353	0.158587930183255	0.00418460643193823
PDGFRA	0.83111342484911	0.000988247342573593	0.157722837141955	0.00496812959219684
PDGFC	0.80319974247748	0.00114656566650512	0.182987405824199	0.00763379307464951
PDGFB	0.828912855269816	0.00100633591606715	0.160610617327084	0.00427662097160149
PDGFA	0.831338425075829	0.000986714561789624	0.157478363556603	0.00498773205010532
PDCD6	0.828685767562508	0.00100494668751236	0.16038835157967	0.00472878364103313
PDCD5	0.830056615654745	0.00100015192790968	0.159623366265715	0.00411911565156511
PDCD1LG2	0.825619342618244	0.00102017879680413	0.16281839297973	0.00536913457747749
PDLIM7	0.832768362296869	0.000980252783059834	0.156447344179825	0.0045863134663677
PCSK9	0.791734676570086	0.00117426532927151	0.187402430432828	0.0147280008583591
PCDH17	0.809438668794224	0.00111725572242734	0.178311942857593	0.00606057525490951
PCDH1	0.810176571300746	0.00111118051149809	0.177341817805735	0.00629424205102089
PBLD	0.823128475692093	0.00104150232930189	0.166221554485691	0.00445109021143591
PARP1	0.824763051727939	0.00103379825485131	0.16499313431823	0.00404242058981018
PARK7	0.830412420181603	0.0009981288736781	0.159300197414547	0.00408626341272042
PDGFRB	0.821684204079108	0.00105386995139861	0.168197687820528	0.00391596207582487
PGLYRP1	0.817284464753732	0.001050576077983	0.167666904650244	0.00887734181059603
PILRB	0.83194031776785	0.000987922819750423	0.157671822875433	0.00418739454540998
PILRA	0.821581109972054	0.00105324453712908	0.168096783347277	0.00412120503728603
PIK3IP1	0.82330961717071	0.00102660597975677	0.163842650347669	0.0066626393482094
PIK3AP1	0.836941195622948	0.000956883008913572	0.152717141243356	0.00414088223180371
PIGR	0.78253261987691	0.00125621979757834	0.200485149404046	0.0108230048534172
PI3	0.777594421868345	0.00128249737725282	0.204678934832857	0.0115720938582335
PHOSPHO1	0.755707857258475	0.00145008793105072	0.231431013763896	0.00667610420964757
PDP1	0.82275426500206	0.00104624041069161	0.166978786658561	0.00406569501579647
PGF	0.806890276822176	0.00112657849306349	0.179798891977644	0.00712866430754911
PFKFB2	0.834891471056917	0.000968795804428741	0.154618583937818	0.0042901032813415
PFDN2	0.808318778013289	0.00107408324204427	0.171411858434915	0.0141306943732577
PECAM1	0.827398710096026	0.00101367854334591	0.161781434306553	0.00462206948631935
PEBP1	0.831805879711164	0.000989758260683941	0.157964281034246	0.00402836008680715
PEAR1	0.816341778541324	0.0010827015798626	0.172798577870997	0.00466213899090821
PAPPA	0.817175231693675	0.00104886937434354	0.167392695939594	0.00926313104846269
PLAU	0.815933959519926	0.00108973948858229	0.173921663039162	0.00394236334672229
PLAUR	0.829151797253577	0.00100627014274148	0.160600251240451	0.00404661056786078
PLIN1	0.278063516167302	0.000945826848890575	0.150387132401628	0.568861295387785
PLA2G7	0.822307246403607	0.00104229300507092	0.166347857651265	0.00515039619005309
PLAT	0.821870432321187	0.00103988222627433	0.16596313318952	0.00597710937372358
PLA2G4A	0.831611382614147	0.000990090806437257	0.158017944913889	0.00417010347160843
PLA2G15	0.821327358681968	0.0010123455125948	0.161563095598824	0.0109511567508177
PLA2G1B	0.828236998552087	0.00101110715584026	0.1613723106947	0.00419025088126613
PLA2G2A	0.822669160010129	0.00102382687678052	0.16339827051608	0.00775427661091599
OSMR	0.82184497237303	0.00104746250052058	0.167174270060526	0.00478401488508338
OXT	0.760295249714048	0.00123312483050497	0.196773780627577	0.0369341867525369
P4HB	0.828789670786634	0.00100874224649335	0.160994742876178	0.00401403906289039
OSCAR	0.829709034232667	0.000997574352630458	0.15921163316957	0.00488319925406027
PADI2	0.813848249435595	0.00104934248827114	0.167464930888483	0.0125382506975008
PADI4	0.806480075612099	0.00114811558054724	0.183237400288859	0.00408133684500472
PAEP	0.829090626207672	0.00100211103851806	0.159934670475428	0.00477787091948796
PAG1	0.824708784767846	0.00101283651411876	0.161644342203165	0.00746678737646874
PAK4	0.83142478918877	0.000991808797957003	0.158290728074887	0.00408331544132391
PAM	0.800659257624879	0.00117315749545276	0.187234190530705	0.00591684408868074
OSM	0.821003029015815	0.00105600198948876	0.168536696453112	0.0042602360471439
NUDT5	0.829074846739343	0.00100678576714969	0.160681907311285	0.00404185069737151
OPTC	0.828622988121944	0.00100637286826976	0.160615729121889	0.00456313939906045
NXPH1	0.80148639852272	0.00116998216280529	0.186726066791818	0.00559577540617552
OBP2B	0.823323673730467	0.00102104805525851	0.162954301575078	0.00754238849694022
ODAM	0.822904506052575	0.00103649599422515	0.165421296644364	0.00548172092535719
OGFR	0.839440229315281	0.000938066913482683	0.14971379751123	0.00464835991362799
OGN	0.814514727145509	0.00108711559039259	0.17350102984219	0.00579374508698401
OLR1	0.8287083753836	0.00100766539026507	0.160822627294741	0.0042690365657201
OMD	0.825821712970087	0.00101868494681443	0.162580439475324	0.00540495970789481
OMG	0.825092260061225	0.00102844899667199	0.164139141665634	0.00457050070557495
PAMR1	0.835469502295661	0.000959892418335684	0.153196494284797	0.00513943548548435
PLIN3	0.830777451746935	0.000993735732921929	0.158599347763483	0.00442420873001581
PLPBP	0.828360915441209	0.00101041268801409	0.161261296304091	0.00417726040615746
PLTP	0.532424368806797	0.00284995237741008	0.454855998529965	0.00653376231512756
PNPT1	0.803569245714287	0.00116307162303974	0.185624291463129	0.00460856856859493
PPIB	0.826383007790489	0.00102040194205087	0.162855112509903	0.00456375147573769
PPCDC	0.828885024471699	0.00100798559128268	0.160873723558268	0.00403985652667999
PON3	0.805064276437517	0.00115191349201557	0.183844712723621	0.00489495059179086
PON2	0.828367284081923	0.00100609646523485	0.160571211313916	0.00486523651227501
POLR2F	0.825673812637893	0.00101619169320491	0.16218145252049	0.00595525083657946
PODXL2	0.831339677596193	0.000982082420229393	0.156738215269206	0.00573124886852343
PODXL	0.821701670754395	0.00104626580513227	0.166982209690216	0.00512144905233729
PPME1	0.830433165361104	0.000998389305886844	0.159342067192385	0.00402326591386205
PNLIPRP2	0.813374061371794	0.00110008327691545	0.175572350820132	0.00485728952452097
PMVK	0.824203656291428	0.00102744081971415	0.163976129827354	0.00562865915000878
PM20D1	0.820406168607147	0.00102355044536461	0.163352128558708	0.0100778747346592
PLXNB3	0.823997622922565	0.00103501117942891	0.165186862918482	0.00461772613280266
PLXNB2	0.807399217125846	0.00114331180205171	0.182472933428205	0.00392576439455703
PLXNA4	0.824791237969216	0.00103335969131127	0.164923096201221	0.0040845344267453
PPM1A	0.498542824529096	0.0030783946096871	0.491316323094095	0.00393880978691959
PRCP	0.814247490064345	0.00109597586135241	0.174917227583852	0.00463762527289387
PRKAB1	0.830369121439455	0.000984938913680306	0.157192259901883	0.00625094050755853
PRELP	0.773268746801432	0.00128744450801238	0.205465594457886	0.0151332800519957
PREB	0.802507434093185	0.00116816965690028	0.186437699407639	0.00485852707068921
PRDX6	0.832201666024616	0.000972773923042996	0.15525182506129	0.00635955525926306
PRDX5	0.823443340125375	0.00103950569163444	0.16590443175557	0.00445342045338449
PRDX3	0.832430160085132	0.000984464124448615	0.157118482150664	0.00425124081203211
PRDX1	0.66220691852416	0.00205603773300099	0.328143761444779	0.00344416145144322
PQBP1	0.814148226321897	0.00108972501359341	0.173917371207866	0.00574358616095045
PPY	0.822823066975757	0.00103758798692227	0.165597128900996	0.00538679125592526
PPP3R1	0.823326468383106	0.0010405350637565	0.16606761287396	0.00440677802684197
PPP1R9B	0.828884307596117	0.00100669278757347	0.160667578441483	0.00424802870197377
PPP1R2	0.827721755171988	0.0010149975423986	0.161993148710387	0.00408398808867752
PPP1R12A	0.826346125638557	0.00102260041844241	0.1632065199738	0.00424726532583011
PLXDC1	0.831887183979552	0.000986504210427533	0.157444320438867	0.00446975564306203
PCOLCE	0.839721560733855	0.000922020925991635	0.147117728848786	0.00697620926619049
ROR1	0.814145702144359	0.00108870412034889	0.173755156384846	0.00590938794937972
RTN4R	0.81088040059768	0.00098372488638553	0.156979922028328	0.0260753616617113
RTBDN	0.827086873013731	0.000994778640677791	0.158761842512875	0.00797435993455557
RSPO3	0.824720518408279	0.0010289745125867	0.164223138917882	0.00486006174138526
RSPO1	0.823221555488485	0.00103302417726797	0.16486754330268	0.00571992871781172
RRM2B	0.827975115160272	0.00101337619179088	0.16173354222108	0.00409024198498757
RRM2	0.809953571252499	0.00110906301580074	0.177002653327226	0.00685990295497408
RP2	0.828510923364501	0.00101057779359021	0.161287411620926	0.00400001887836741
RWDD1	0.829464141436955	0.00100475897191262	0.160358809266143	0.00397525199410255
ROBO2	0.773229207776442	0.00132805078148611	0.211952558397974	0.00864548677499337
ROBO1	0.809900955240086	0.00110211449381433	0.175893476365668	0.00802900283502309
RNF41	0.826836859959618	0.00101622660114972	0.162187787117063	0.00477853368199069
RNASET2	0.827780114341819	0.0010124966773891	0.16159384673326	0.00442707214705876
RNASE3	0.805804615470449	0.00112457818814193	0.179478043319155	0.00854397186666259
RILP	0.831760515244571	0.000986185840209784	0.157394126633407	0.00464775659094273
RUVBL1	0.822331711914749	0.0010179955761177	0.162465866869604	0.00903206025666569
SCAMP3	0.834018069882389	0.000972677069835811	0.155237790384845	0.00454588907344247
SCG3	0.806519217110562	0.000989578685797389	0.157910851599724	0.0295270898881979
SCG2	0.813278065005758	0.0010441069931182	0.166629009419936	0.0139531979700184
SCARF2	0.832333263471675	0.000982398451275407	0.156789293008922	0.00468003014675713
SCARF1	0.832905931147871	0.000974840428021699	0.15558287716121	0.00531776527180869
SCARB2	0.824298435458733	0.000997930182622916	0.159261402584271	0.0102775202092441
SCARB1	0.829033510787407	0.00100357691788888	0.160168428463697	0.00460010807997523
SCARA5	0.818299790221392	0.0010361228946721	0.165358389511992	0.0101786096975201
SCGB1A1	0.686188481599809	0.00112195185665222	0.178937944513202	0.129452288624623
SAMD9L	0.832310917721751	0.000984032653677435	0.157050003406831	0.00444015956791342
S100P	0.756557737982881	0.00119801944183111	0.191161228521075	0.0463427682948051
S100A4	0.824955503568841	0.0010323231050473	0.164758458645787	0.00408493900813021
S100A16	0.76027511893676	0.00105898472079336	0.168951071648853	0.0649512542301298
S100A12	0.801183591934796	0.00114533302452685	0.18278857093652	0.00986264693928156
S100A11	0.795359795017171	0.00114759077529555	0.183144111026486	0.0153651543375427
RHOC	0.827994200246605	0.0010028096353371	0.160045080157559	0.00577005521991781
RAB6A	0.829957307352272	0.00100056313411126	0.159688602431151	0.00415338709885811
RARRES2	0.812164786804979	0.00111014611349427	0.177179143117534	0.00445729510958008
RARRES1	0.823288012003915	0.00103969845813524	0.165934158926428	0.00457977347690659
RANGAP1	0.802023989282651	0.00115822109757427	0.184848334202037	0.0069443292080426
RAD23B	0.825903546899654	0.00101932126920939	0.162681262075264	0.00522112484092547
RABGAP1L	0.837832137366289	0.000948913444474405	0.151444238074772	0.00452521179795131
RABEPK	0.764181613894486	0.00141544974156092	0.225905969934685	0.00370894374133911
RAB6B	0.820693396524626	0.00104868792610341	0.167367093535213	0.00574870191581031
RASSF2	0.832775031253673	0.000971227895836264	0.155004616968142	0.00603132529745112
RAB37	0.826058873689091	0.00101981200482834	0.16275934998446	0.0049862312607448
QPCT	0.656177276117704	0.0020898470259058	0.333542933943793	0.00407864802104377
QDPR	0.828931493324504	0.00100822430894254	0.160912246103034	0.00395434613359516
PXN	0.774825249154762	0.001215470934951	0.193966630246111	0.0251379201108739
PVR	0.821682208892957	0.00103827035307138	0.165704883076623	0.00642635733333461
PVALB	0.825471565344823	0.00101826681566821	0.162513083603401	0.00582506881257529
RASA1	0.81473064745147	0.00108006200673256	0.172373501768066	0.00671102875658137
REG3A	0.818697083659027	0.00105889198201598	0.168997021294775	0.00611744284381056
RGMB	0.827633278185134	0.000972954268586735	0.155275718427165	0.0109324821298109
RGMA	0.758045868061614	0.000992384433825894	0.158309865863551	0.0779023171498159
RETN	0.828827174758282	0.00100567146051716	0.160504270865297	0.00446984587840516
RET	0.820883405250533	0.0010340494484497	0.165029652365437	0.00790961511291834
REN	0.82816923617232	0.000994351988317568	0.158695176212796	0.0069523214370895
RELT	0.818038358661448	0.0010460728189647	0.166947434711391	0.00884267398561639
REG4	0.823360335440643	0.0010407445420052	0.166102298693671	0.00433784023525295
RGS8	0.82187957400867	0.00103171475948401	0.164656760769866	0.00728240311282064
REG1B	0.766351665201641	0.00140183492336194	0.223734410161285	0.00371050058496514
REG1A	0.821144957105965	0.00105663186076105	0.168637873650026	0.00401562393548664
RCOR1	0.805243468038537	0.00115661706118132	0.184595665601315	0.00395896095806831
RBP5	0.802688281788014	0.00116198608781639	0.185450984729798	0.00566947184582869
RBP2	0.80489370153966	0.00114919910060401	0.183410306907085	0.00550369875840601
RBKS	0.829593592513865	0.000982589963386682	0.156816233916883	0.00740970451779961
PTX3	0.81912155787104	0.00106286480129465	0.169631229104324	0.00505210018264489
