PPH1	PPH2	PPH3	PPH4
NPTX1	0.842439361460483	1.8424285230476e-08	0.153172266786511	0.00438825199903023
NOS1	0.842891418038637	1.78810560018113e-08	0.148651874732912	0.00845658796333021
NOS3	0.831621905043059	1.87163867531081e-08	0.155592356244409	0.0127856199675917
NOTCH1	0.840183686190218	1.83939611649556e-08	0.152917646903932	0.00689854745351294
NOTCH3	0.832553399772663	1.95267257736397e-08	0.162337065623296	0.00510941493671883
NPDC1	0.838083121218409	1.74626012588402e-08	0.145164611228542	0.0167521492847328
NPPB	0.812945330048105	2.19565675478947e-08	0.182538987795025	0.00451556241819288
NPPC	0.832980156309698	1.87944781154885e-08	0.156243605250807	0.0107761194530911
NPTN	0.810005269186404	1.63145705451917e-08	0.135582401538126	0.0544122155324223
NMNAT1	0.857369962864364	1.65288094193941e-08	0.137412745418958	0.00521717206230414
NPTXR	0.838444628339778	1.89613661261879e-08	0.157637945145634	0.00391730670402113
NPY	0.854254668636181	1.69670277283761e-08	0.141056553116628	0.00468865852931098
NRCAM	0.848147322465623	1.77195297379038e-08	0.147312887305657	0.00453967049293997
NRP1	0.850211581757889	1.74714433664399e-08	0.145250337330584	0.00453796117553864
NRP2	0.850500067579777	1.74984078963712e-08	0.14547502943988	0.00402478318269325
NRTN	0.849530314675531	1.74276785999766e-08	0.144885437662713	0.00558412805147741
NSFL1C	0.854735035476887	1.69957968801802e-08	0.141296455661871	0.00396838905681401
NT5C3A	0.848337314141729	1.76423169704232e-08	0.146670499916662	0.00499206626018761
NOMO1	0.822341666728537	2.07786825855392e-08	0.172745837775146	0.00491237580531844
NCLN	0.818432523648596	2.04673241657703e-08	0.170150747828354	0.0114166096136102
NELL2	0.393733743674398	7.26824884341238e-08	0.604268959262747	0.00199717702156436
NCR1	0.852462374108542	1.71484993836117e-08	0.142564996507229	0.0049725097004576
NCS1	0.809883435170902	1.94400942766286e-08	0.161593411151516	0.0285230368236647
NDRG1	0.629755701830538	4.41750553185188e-08	0.367261588311459	0.00298258993512092
NDUFS6	0.824427303913123	2.06390557825515e-08	0.171585927868479	0.00398664841616326
NECTIN2	0.833514658582579	1.91306639777558e-08	0.159041935291844	0.00744328673869638
NECTIN4	0.847934878869065	1.72247748084358e-08	0.143195241336559	0.00886976057890389
NEFL	0.82646986046127	1.96963398595143e-08	0.163742532788004	0.00978748764552931
NELL1	0.832598842765229	1.78120990297302e-08	0.148067700407282	0.0193333388693289
NME3	0.839194878598269	1.8584009998156e-08	0.154498275298705	0.00630672657957717
NFASC	0.83618024414541	1.923878129024e-08	0.159944373921897	0.00387526211707638
NFATC1	0.850570168129765	1.73943433410807e-08	0.144609056963595	0.00482065520462202
NFATC3	0.845099771331392	1.79880034379424e-08	0.149544119756896	0.00535598927401959
NFKBIE	0.846452466752987	1.79835812543699e-08	0.149508671658154	0.0040387417928852
NGF	0.836610574989295	1.86635408869521e-08	0.155157557774067	0.00823174794449946
NID1	0.796980843930078	2.39488242375546e-08	0.199102900917467	0.0039161353417485
NID2	0.843497759372744	1.83509922740035e-08	0.152563369994469	0.00393875082479971
NINJ1	0.850810029230247	1.7396128009787e-08	0.144624149370069	0.00456570166703008
NT5E	0.847221228850346	1.67601007649923e-08	0.139327431817973	0.0134512206667207
NTF3	0.852702496347055	1.72035456764403e-08	0.143023341330916	0.00427404255432726
NTF4	0.847919905791516	1.78113119514628e-08	0.148076486597838	0.00400348781043441
NTproBNP	0.84186564591498	1.85459448973957e-08	0.154184164600288	0.00395006967810468
NTRK2	0.824244074815905	1.69067064348158e-08	0.140524508571676	0.0352313005645728
NTRK3	0.845140179505651	1.81465136093747e-08	0.150863308396496	0.0039963922967928
NUB1	0.851843411800876	1.73083060660346e-08	0.143894314880446	0.00426215354955119
NUCB2	0.83938616658951	1.82292886459999e-08	0.15154641632886	0.00906729788989358
NUDC	0.853943342102403	1.70873676002148e-08	0.142057730029431	0.0039988080673934
NUDT2	0.844382663420601	1.80842872204504e-08	0.150344691696381	0.00527252523529872
NCK2	0.853721142184445	1.70995749620249e-08	0.142159099310251	0.0041196387190498
NCAM1	0.855651047723803	1.66821899914084e-08	0.138687483571597	0.00566134910360145
NCAM2	0.855993199843346	1.68400462373756e-08	0.140001532166671	0.00400514818997135
NCAN	0.840937866672689	1.84856146725469e-08	0.153681157673926	0.00538085601868273
NCF2	0.855782233421917	1.63730123642278e-08	0.136114586935068	0.00810306033541496
MMP1	0.84560439284417	1.80861779747113e-08	0.150361649817372	0.00403383754189701
MIA	0.840965091053876	1.86550190397948e-08	0.155090996420121	0.00394379271862087
MICB_MICA	0.840609134896402	1.86980139347245e-08	0.155448450811082	0.00394229448495351
MIF	0.853989626136531	1.70386694536205e-08	0.141652502231356	0.00435775187447062
MILR1	0.786036026895902	2.4308986120175e-08	0.202089272593183	0.0118745816565026
MITD1	0.852367000829144	1.72428525813795e-08	0.143350124139297	0.00428275526490801
MLN	0.855175704357852	1.69172032703926e-08	0.140642827591644	0.004181348271668
MME	0.850770994239945	1.68572207831313e-08	0.14013923417834	0.00908965239266307
MGLL	0.854743823110353	1.68668959612622e-08	0.140223729431246	0.00503232778181666
MMP10	0.855668742630178	1.67758686625489e-08	0.139467110863184	0.00486402680983143
MMP12	0.849344676776928	1.72075314482017e-08	0.143053150413137	0.00760205344213318
MMP13	0.829309892732764	1.98770093731989e-08	0.165248937594515	0.00544105004525165
MMP3	0.854842017198099	1.66690426239679e-08	0.138577259142855	0.00658060416850563
MMP7	0.84431429245176	1.82138076789089e-08	0.151422514170184	0.00426307360903754
MMP8	0.844270675539488	1.81922922294191e-08	0.151243415359247	0.00448578935900792
MGMT	0.852461879834239	1.71083365050597e-08	0.142230753815789	0.00530724670642341
METAP2	0.852979428999153	1.72021053324645e-08	0.143011631762455	0.00400881943882207
MFAP3	0.809770713921909	2.23181219111897e-08	0.185544725918908	0.00468444044079533
MFAP5	0.840759548659804	1.86305818103283e-08	0.154887419952792	0.00435291162918197
MFGE8	0.8518329241812	1.72437666369071e-08	0.14335719645467	0.00480975966080222
MMP9	0.839662890048879	1.88141096625142e-08	0.156413671697109	0.00392331844416884
NBN	0.861777577253146	1.6096187783336e-08	0.133816807782539	0.00440549521241094
MYOC	0.849936449348286	1.74308679040809e-08	0.144912386138559	0.00515104485083918
MZB1	0.17682206321394	7.92349780123909e-09	0.0651166728016288	0.758061234792548
MZT1	0.854477661204324	1.70178872147671e-08	0.141480037478205	0.0040421815219116
NAAA	0.830278104647061	1.98954707463698e-08	0.165403545419001	0.00431823017154857
NADK	0.826502347797334	2.01939405971238e-08	0.16788368193092	0.00561385066503914
NAMPT	0.855202171235413	1.68972088734613e-08	0.140476457361426	0.00432125164113346
NBL1	0.838313289934256	1.86802324839226e-08	0.155298172465803	0.0063884180863064
MVK	0.857563381948177	1.63463892438542e-08	0.135894807794463	0.00654169076214438
MYO9B	0.856084140992923	1.67364276985869e-08	0.139139292366613	0.00477644693313434
MSMB	6.2210747252392e-13	1.46727106614479e-08	0.121107752638025	0.878892232688645
MOG	0.840095736058074	1.83788886100736e-08	0.152792122545698	0.00711202196954414
MPHOSPH8	0.846361843293284	1.79361784544976e-08	0.149114086906862	0.00452395006218239
MPI	0.854361152026207	1.68425315784539e-08	0.140020581910706	0.00561814645689501
MPIG6B	0.853025653237052	1.71222205193252e-08	0.142346863242679	0.00462736379502498
MPO	0.852246514295269	1.72406029198865e-08	0.143331281476335	0.00442208447848507
MRPL46	0.831561554882435	1.83641995850622e-08	0.152661335282094	0.0157769914499784
MSLN	2.77636058901011e-06	1.20280936978575e-07	0.999997088652879	1.4705261617145e-08
MNDA	0.854311482161186	1.70379115671381e-08	0.141646517148835	0.00404188089438239
MSR1	0.845012218064319	1.80767008630675e-08	0.150282186948811	0.00470547527101087
MSRA	0.850971792366922	1.74370250872637e-08	0.144964663631495	0.00406342420857721
MSTN	0.858938445668964	1.64787045577727e-08	0.136997334420231	0.00406410011787784
MTPN	0.850438116939071	1.73454727158811e-08	0.144202215248801	0.00535954817486536
MUC13	0.840673569951797	1.74321456533248e-08	0.1449137476183	0.0144125638804596
MUC16	0.852202491382506	1.72752048278517e-08	0.143619200279543	0.00417818855873565
NPM1	0.849628370611568	1.61187820749068e-08	0.133992679311608	0.0163788317636492
PKLR	0.826289815524878	2.04283415687853e-08	0.169834193300372	0.00387587135920619
PLA2G10	0.818349295121138	1.78579616711719e-08	0.148435113163029	0.0332154754257657
PDCD1	0.858020784221174	1.65992319216492e-08	0.137999464747286	0.00397963122846452
PDGFRA	0.857021067410671	1.65997756584129e-08	0.138002989091174	0.00497582381478234
PDGFC	0.829936685131086	1.98698426981659e-08	0.1651899227475	0.00487327242571836
PDGFB	0.854439279757551	1.70249476791199e-08	0.14153875742937	0.00402184301507634
PDGFA	0.858727399422136	1.6467512368319e-08	0.136903979899754	0.00436850092176022
PDCD6	0.858537947596276	1.64258745603105e-08	0.136557273448755	0.00490465926304648
PDCD5	0.849853050334994	1.7523335936073e-08	0.145681837097633	0.00446499282261871
PDCD1LG2	0.848744080695597	1.74439408389927e-08	0.145019987729724	0.00623581204270958
PDLIM7	0.856080896225538	1.67458943317582e-08	0.139218072032276	0.00470091202577995
PCSK9	0.809819290088621	2.0478034225823e-08	0.170231256897068	0.019949335130171
PCDH17	0.8394419620683	1.85539094360241e-08	0.154248020713391	0.00630989769524037
PCDH1	0.839595228516337	1.85877670063996e-08	0.154529942505914	0.00587470940238558
PBLD	0.843138486006194	1.83816771035034e-08	0.152818374636496	0.00404301956185121
PARP1	0.833477907377777	1.95557877241671e-08	0.162579849470724	0.00394212334391692
PARK7	0.852837365657137	1.72080777937427e-08	0.143061193376275	0.00410132117813601
PDGFRB	0.848728760766174	1.77207046664473e-08	0.147323247281319	0.00394787214561265
PGLYRP1	0.840991662294529	1.76204263451446e-08	0.146480969465351	0.0125272494641359
PILRB	0.855485835558196	1.6877876278866e-08	0.140315852226601	0.00419819243838785
PILRA	0.843537401039717	1.83310279803392e-08	0.15239726348287	0.00406521568461952
PIK3IP1	0.848205524032109	1.72520642407691e-08	0.143422619471018	0.00837173722155456
PIK3AP1	0.860496776391042	1.62740701707717e-08	0.135295892705695	0.00420721112753117
PIGR	0.806118651415793	2.16195893934209e-08	0.179727765697916	0.0141534643057112
PI3	0.798372925255155	2.31569695197188e-08	0.1925143469048	0.00911260865375292
PHOSPHO1	0.777259235241812	2.57352223143352e-08	0.21394986331863	0.00879078221459502
PDP1	0.850669550020363	1.74675441083803e-08	0.145218345474358	0.00411198471810611
PGF	0.842855064850039	1.80408574369146e-08	0.149981732641651	0.00716308308776115
PFKFB2	0.858641258522335	1.64897370542868e-08	0.137088851229398	0.00426977048005327
PFDN2	0.836689062737437	1.83884790357032e-08	0.152868525574656	0.01044229266139
PECAM1	0.858577888553578	1.6495713204581e-08	0.137138522318987	0.00428346936086827
PEBP1	0.853012813155847	1.719713535391e-08	0.142970304183882	0.00401676286165659
PEAR1	0.839094476105473	1.88016578936458e-08	0.156309477008701	0.00459592715680368
PAPPA	0.840935081144587	1.80752833941393e-08	0.150266309299296	0.0087984903320793
PLAU	0.84904392585906	1.76806949933281e-08	0.146990595567499	0.00396535876865004
PLAUR	0.852478901077371	1.72547789046452e-08	0.143449489008236	0.00407149012235667
PLIN1	0.201063186822182	8.50494474120063e-09	0.0699798369310639	0.728956943557671
PLA2G7	0.842651808529185	1.82445956333057e-08	0.151677072547074	0.00567099932390173
PLAT	0.849454104564788	1.73394140851035e-08	0.144150809323344	0.00639496659902021
PLA2G4A	0.853714187588665	1.71006131080803e-08	0.142167731973903	0.00411796065097817
PLA2G15	0.854622128071049	1.67388987193343e-08	0.139158393154201	0.0062193592408032
PLA2G1B	0.852029590833831	1.72960647905218e-08	0.143792627302409	0.00417766208447865
PLA2G2A	0.849117988378257	1.72513794183679e-08	0.143417833634748	0.0074640586026103
OSMR	0.85060795823583	1.74038419305097e-08	0.144688143640805	0.00470377840730251
OXT	0.787505012426009	2.15769413455431e-08	0.179354209242262	0.0331406620326715
P4HB	0.852239294420418	1.72758411461659e-08	0.143624532668394	0.00413605312690693
OSCAR	0.857203583668727	1.66768482322956e-08	0.1386445826489	0.00415171389997526
PADI2	0.845463675493079	1.77739236281665e-08	0.147762876021729	0.00677332901780901
PADI4	0.847065216410263	1.7909193255835e-08	0.148890215646578	0.00404444814787256
PAEP	0.856959070703373	1.66685333019526e-08	0.138575139649237	0.00446566990271542
PAG1	0.84933593217646	1.72820589965165e-08	0.143673372375652	0.00699057600660982
PAK4	0.852285814922599	1.72843750716232e-08	0.1436955999779	0.00401846530108979
PAM	0.836193963029511	1.89134222414168e-08	0.157236695198071	0.00656922228051117
OSM	0.842747299645962	1.84234003159225e-08	0.153165210621798	0.00408736994211076
NUDT5	0.845184931312724	1.81440712561881e-08	0.150843027516422	0.00397192136685219
OPTC	0.851625573269506	1.72557786132229e-08	0.143456954574692	0.00491735246540256
NXPH1	0.837697848767756	1.90211255920898e-08	0.158134525887579	0.00416750556416589
OBP2B	0.84875961214898	1.73394840928075e-08	0.144150696747009	0.00708957167463007
ODAM	0.852390891344787	1.7258846387257e-08	0.143483251175941	0.00412573769375146
OGFR	0.86098392511292	1.60737859966641e-08	0.133629581930624	0.00538637332241562
OGN	0.839313400985045	1.85248755492162e-08	0.154006267163188	0.00668021237319436
OLR1	0.8547912769559	1.69722819318831e-08	0.141100816616089	0.00410778664033501
OMD	0.840853862293284	1.83725525398536e-08	0.152740151587318	0.00640586660786137
OMG	0.848902059545863	1.76477612032313e-08	0.146716373047829	0.00438144765151368
PAMR1	0.86234351151307	1.60750651398207e-08	0.133641588120267	0.00401478056781084
PLIN3	0.854736399631697	1.69654569080069e-08	0.141043962692944	0.00421951790110704
PLPBP	0.850736632800037	1.74663699582436e-08	0.145208641154961	0.00405460625093562
PLTP	0.715779588811574	3.32355311177363e-08	0.276307147186023	0.00791314467198031
PNPT1	0.825801922652249	2.04852451215524e-08	0.170307265798147	0.00389069173584064
PPIB	0.852568191875863	1.72533249781987e-08	0.143437478571804	0.00399420975100747
PPCDC	0.85061686345399	1.74802779877576e-08	0.145324266223667	0.00405875052877373
PON3	0.848037421169137	1.76793858891715e-08	0.146978693467662	0.00498376568078105
PON2	0.854256466805189	1.70372452219388e-08	0.141640916634224	0.00410249677227586
POLR2F	0.849073789915899	1.75033897810472e-08	0.145515061813747	0.00541102863927559
PODXL2	0.854554770755843	1.67256255874289e-08	0.139047864504439	0.00639724522714528
PODXL	0.847012779029149	1.77336108658274e-08	0.147428937135218	0.00555816422223582
PPME1	0.854035933747919	1.70737937561914e-08	0.141944858912347	0.00401908754140019
PNLIPRP2	0.856147987242638	1.6771319912544e-08	0.139429735128795	0.00442215787866442
PMVK	0.852260166820362	1.72619393131728e-08	0.143508860167626	0.00423085323912123
PM20D1	0.853311900887706	1.69716326254434e-08	0.141093932120628	0.00559404738257925
PLXNB3	0.850184561385135	1.74840957487744e-08	0.145355605526108	0.00445971334336754
PLXNB2	0.8318281631556	1.97571398207049e-08	0.164253883918956	0.00391783311494164
PLXNA4	0.84752264830149	1.78506534437196e-08	0.148403495431657	0.00407373647508506
PPM1A	0.511035089495852	5.84328940885248e-08	0.485798869174641	0.00316592142865364
PRCP	0.837656519355389	1.89519040756873e-08	0.157558411481839	0.00478494945646456
PRKAB1	0.854054365777935	1.68511164214785e-08	0.140091719304639	0.00585379533955125
PRELP	0.79693427570127	2.21512697196477e-08	0.184143304779895	0.0189223015112856
PREB	0.831345552108058	1.97812648045097e-08	0.164454172966498	0.00420015514886527
PRDX6	0.851701907964101	1.67964574239413e-08	0.139634483181395	0.00866348961424389
PRDX5	0.853964549545119	1.70889128509754e-08	0.142070611093536	0.0039647195564769
PRDX3	0.8555025361348	1.68644636620006e-08	0.140204246894102	0.0042930972056888
PRDX1	0.680000562705206	3.80828693935649e-08	0.316611692674147	0.00338762474643643
PQBP1	0.84789790333373	1.76734006145373e-08	0.146928743347694	0.00517323365892338
PPY	0.851567902642215	1.73386443900156e-08	0.144146519710067	0.00428545788139156
PPP3R1	0.850887211535404	1.73559243639805e-08	0.144289645166205	0.00482302359665517
PPP1R9B	0.85532288220939	1.69066093418383e-08	0.14055481047402	0.0041221875306428
PPP1R2	0.849950953196025	1.757117332082e-08	0.146080045811259	0.00396888118834943
PPP1R12A	0.847245897699484	1.78615017007359e-08	0.148493499421489	0.00426048310969917
PLXDC1	0.859703660019761	1.63676227709844e-08	0.136073659184536	0.00422256102181859
PCOLCE	0.863333753430147	1.56291461203285e-08	0.129931566202988	0.00673456089482308
ROR1	0.836113943797498	1.8994378439515e-08	0.157910346123993	0.00597559051526807
RTN4R	0.83336250394103	1.64619938830498e-08	0.136832663856669	0.0298047155023944
RTBDN	0.847801588666731	1.6895329582362e-08	0.140453409604845	0.0117448828584285
RSPO3	0.852455945448516	1.72508801014031e-08	0.14341701954454	0.00412691522156558
RSPO1	0.854466810246714	1.70244359867765e-08	0.141534526598031	0.00399854335445124
RRM2B	0.851737297737553	1.7348342119926e-08	0.144227395394388	0.0040351870716565
RRM2	0.835146938613171	1.90289607302109e-08	0.15819717775631	0.00665576414901098
RP2	0.852482427977786	1.7259705290468e-08	0.14349049075239	0.00402696147243564
RWDD1	0.851917699128669	1.73320553921051e-08	0.144092035115124	0.0039901459543932
ROBO2	0.799921892914136	2.31536825883292e-08	0.192488543048343	0.00758944466820398
ROBO1	0.836126603749642	1.84188805527969e-08	0.153120969073039	0.010752308188054
RNF41	0.84914895564186	1.76426849829666e-08	0.146674375026197	0.00417654955252764
RNASET2	0.848374812237618	1.76970028246121e-08	0.147125642282644	0.00449942573911915
RNASE3	0.838034155503847	1.86966209001751e-08	0.15543428018522	0.00653144481448491
RILP	0.855250377641411	1.69005710839212e-08	0.140504486504111	0.00424501608329149
RUVBL1	0.853290898518861	1.66129258229898e-08	0.138108693053876	0.008600289179411
SCAMP3	0.857110425615362	1.66292630676569e-08	0.138248477698721	0.0046409769623077
SCG3	0.824148432288132	1.6749784513485e-08	0.139218482343427	0.0366329694890233
SCG2	0.841533066228021	1.79423602366341e-08	0.149160699135195	0.00930611547374455
SCARF2	0.854988410205853	1.68239976892212e-08	0.139866967671993	0.00514450245904956
SCARF1	0.854983629286972	1.68109075504185e-08	0.139758024555176	0.0052582265084138
SCARB2	0.844013792596433	1.71202274320387e-08	0.142321255552534	0.01366483321174
SCARB1	0.851054195070301	1.74306580428752e-08	0.144911758492567	0.00403392664057972
SCARA5	0.842920940623764	1.73878643028439e-08	0.144547480444726	0.0125314601560288
SCGB1A1	0.665196376074463	1.790927335571e-08	0.148708831345259	0.186094694660328
SAMD9L	0.854236290938171	1.69948621703457e-08	0.141288177599582	0.00447541171874453
S100P	0.750308540338129	2.33159904670284e-08	0.193789633333455	0.0559017127643481
S100A4	0.849316346196904	1.76469396664016e-08	0.146709950785434	0.00397358321385778
S100A16	0.777993052538605	1.75407473542706e-08	0.145754805880072	0.0762520304625682
S100A12	0.82869542815764	1.98814841633434e-08	0.165285562479199	0.00601888980512656
S100A11	0.832079972768891	1.83165630084194e-08	0.152265414662811	0.0156544941680835
RHOC	0.852069278641974	1.70337698415599e-08	0.141609804567757	0.00632079726851067
RAB6A	0.855599588325142	1.68418263459233e-08	0.140015952520015	0.004384339400398
RARRES2	0.839174971618808	1.87748965768463e-08	0.156086845424582	0.00473806324466684
RARRES1	0.850796437896699	1.74617356889348e-08	0.145170133850587	0.00403330845608686
RANGAP1	0.833404863829647	1.95279446032102e-08	0.162348061234646	0.00424695516475405
RAD23B	0.846418745545088	1.79941825045054e-08	0.149596863280958	0.00398427137143391
RABGAP1L	0.860193777904918	1.62393899838544e-08	0.135006975075505	0.00479912731497156
RABEPK	0.784226666360692	2.55009343714211e-08	0.212007054247849	0.00376615956273094
RAB6B	0.847992701116499	1.77050336328119e-08	0.147192093510468	0.00481508567034511
RASSF2	0.857543011118281	1.64633322100351e-08	0.136868006341527	0.00558886293048166
RAB37	0.846173073206082	1.78771592861062e-08	0.148622730551704	0.0052040765862687
QPCT	0.673490691036409	3.8846772600923e-08	0.322962506624433	0.00354668248405927
QDPR	0.850504757086708	1.75028734783434e-08	0.145512197448664	0.00398292566194545
PXN	0.820253542349625	2.04292371672466e-08	0.169835604296169	0.00991073426381893
PVR	0.846106961984233	1.76012620433163e-08	0.146326601364637	0.00756631727903469
PVALB	0.8504669061005	1.74114567147498e-08	0.144751373960081	0.00478160023270742
RASA1	0.841328665206352	1.85714501060936e-08	0.154395885690312	0.0042753293357921
REG3A	0.849274031602267	1.7386045264725e-08	0.144538701550769	0.00618714730914367
RGMB	0.847685672694869	1.67313733449155e-08	0.139088822329285	0.0132253862837482
RGMA	0.749357747355334	1.54341794504941e-08	0.128194931287136	0.122447215789635
RETN	0.851508609155572	1.73659394970163e-08	0.144373614800242	0.00411765625769422
RET	0.844450485153522	1.7435262406407e-08	0.144943466467434	0.0106059293721895
REN	0.855757620162111	1.64857293346711e-08	0.137052611786949	0.00718964863358283
RELT	0.840824970861731	1.78344868978452e-08	0.148262250351213	0.010912659817059
REG4	0.846968425684899	1.78793728886626e-08	0.148641948680073	0.00438950588120432
RGS8	0.843709792790141	1.78141408655889e-08	0.148095814963441	0.00819427294977878
REG1B	0.785112849661682	2.54063530441771e-08	0.211220819696041	0.0036662108015376
REG1A	0.83723967386792	1.90928688902244e-08	0.15873112699475	0.00402907934019689
RCOR1	0.839581913515366	1.88169465121223e-08	0.156437199363398	0.00398076731829548
RBP5	0.831055662281188	1.95557154056549e-08	0.162576822958171	0.00636739524447896
RBP2	0.83869303035584	1.88877107544629e-08	0.15702522147252	0.00428162840485307
RBKS	0.855404397912443	1.65117970891339e-08	0.137269198423578	0.00732628426303845
PTX3	0.854927518472902	1.67969461162627e-08	0.139641778995282	0.00543058290308679
